120 141 885 525 365 784 265 245 86 325 686 627 486 987 746 228 907 27 208 972 571 953 513 72 774 308 111 831 869 934 548 670 174 654 734 293 715 16 856 397 436 418 598 193 476 459 818 59 617 358 
740 980 300 942 501 223 821 561 180 661 262 622 42 925 322 84 282 366 444 543 787 969 169 409 489 712 11 893 209 249 387 109 609 472 776 30 593 855 76 432 737 817 875 695 539 917 136 356 659 158 
80 521 922 121 741 944 600 321 762 705 280 22 984 304 45 904 825 443 786 404 646 726 63 566 584 509 423 892 464 106 689 170 868 150 348 493 854 551 816 975 234 394 216 255 676 379 638 19 198 278 
881 201 943 901 523 242 802 782 124 927 765 104 725 484 182 267 828 711 866 849 588 70 288 450 93 307 652 414 51 974 576 995 474 175 376 756 155 675 434 518 339 557 18 616 357 699 399 639 39 239 
221 500 560 162 621 3 122 243 144 302 644 685 889 528 809 768 89 864 971 68 465 329 991 271 452 389 185 415 372 833 792 714 914 755 735 955 431 595 215 57 937 34 355 295 119 499 559 859 678 618 
680 960 461 363 4 887 783 226 85 807 24 826 947 382 407 544 183 728 666 865 247 67 149 850 531 608 514 49 309 653 173 994 272 335 753 495 636 456 115 577 779 437 719 599 939 219 919 139 299 359 
820 660 380 100 241 143 886 926 763 563 23 844 266 88 167 986 508 446 811 950 424 490 732 607 71 651 532 631 471 332 213 416 752 550 913 374 54 793 594 353 191 717 873 693 17 314 236 137 976 298 
920 840 81 641 981 21 261 41 203 582 503 804 403 624 165 145 125 968 664 710 487 770 568 730 425 606 448 287 385 830 306 545 13 911 331 895 536 754 375 352 795 77 117 694 876 959 259 478 197 238 
340 222 161 522 703 902 822 441 888 863 7 324 583 564 25 603 406 810 648 687 970 729 66 772 92 789 630 468 212 112 52 290 852 429 954 516 935 552 311 996 377 496 133 192 257 757 156 398 277 677 
921 882 760 580 702 982 163 964 301 643 903 264 785 8 506 146 565 326 422 64 848 284 529 410 383 629 466 47 813 28 370 345 229 832 751 186 453 671 251 114 553 214 871 610 692 958 498 138 739 99 
360 400 961 320 260 40 142 123 60 6 562 504 103 166 462 206 381 647 948 847 727 931 747 488 688 667 285 990 248 590 910 427 533 790 547 346 632 231 777 896 716 33 97 313 458 194 615 819 878 839 
900 480 800 341 861 923 224 524 5 743 965 823 764 505 625 367 602 845 405 445 168 585 246 949 207 788 570 650 384 305 184 48 108 668 94 993 428 333 713 473 292 154 132 35 78 697 738 558 899 279 
220 780 1 841 402 440 502 742 924 662 601 61 946 527 966 985 709 343 26 567 891 771 812 829 269 128 210 690 250 330 470 289 391 373 152 635 655 915 736 554 116 597 177 497 58 196 438 98 879 318 
940 20 983 204 645 929 421 542 368 227 147 9 126 769 65 587 731 491 107 894 386 573 814 535 95 633 53 853 417 337 517 455 252 674 837 354 611 797 718 276 696 877 477 296 918 316 179 977 759 199 
82 701 642 884 862 364 244 526 684 806 723 930 46 905 827 408 628 586 463 951 328 270 512 572 773 451 546 973 347 14 73 494 392 672 131 794 190 312 294 435 613 118 217 178 36 758 998 858 157 237 
700 401 963 721 945 43 744 281 87 482 766 846 369 344 649 105 10 127 867 909 589 426 933 211 171 29 390 310 334 815 634 232 273 75 673 537 253 796 457 555 838 997 898 195 698 519 578 479 159 619 
880 860 140 620 781 962 540 720 704 225 205 303 928 808 485 767 327 90 749 268 286 449 12 412 691 172 371 669 575 113 515 74 351 189 55 836 656 395 956 538 596 916 475 614 135 258 857 37 999 439 
640 941 2 883 581 842 102 803 683 623 323 541 707 967 483 181 906 605 932 748 91 511 569 530 467 992 388 733 151 870 130 350 834 454 430 233 274 176 56 778 254 378 218 315 79 419 297 799 38 679 
520 0 240 460 362 202 681 164 44 442 805 706 62 724 626 663 604 988 510 908 750 952 411 851 129 110 492 791 775 291 349 592 336 187 153 835 96 393 433 32 872 275 556 897 235 938 657 317 579 979 
160 200 361 801 101 761 682 83 263 722 843 481 420 824 283 708 342 507 890 745 665 148 989 69 447 591 469 413 50 534 574 230 549 912 188 15 31 936 338 396 612 874 957 256 134 637 658 798 978 319 
