120 141 686 784 265 525 365 486 987 885 86 627 907 746 208 325 27 548 245 228 72 111 831 934 571 972 774 869 513 734 308 670 654 16 174 953 715 293 397 436 856 193 818 418 459 598 358 476 59 617 
980 740 501 821 942 180 561 223 622 262 300 322 84 42 661 282 543 925 366 787 444 489 969 169 209 712 109 409 11 387 249 609 30 893 472 593 432 737 76 776 855 695 817 875 917 659 136 356 539 158 
280 80 762 741 521 22 922 321 984 825 121 944 63 600 705 443 786 726 404 45 904 464 423 106 566 584 646 689 509 150 170 348 304 551 892 868 493 854 234 975 394 255 216 816 19 638 676 278 379 198 
881 201 901 765 782 943 182 802 523 242 484 725 104 927 124 828 849 70 711 267 588 288 93 866 450 51 652 307 995 974 414 155 474 376 175 434 576 18 675 756 557 518 639 616 357 339 39 699 239 399 
500 221 560 621 3 162 685 144 644 768 122 302 243 528 465 68 89 889 991 809 864 185 714 971 389 271 833 452 329 372 735 914 792 431 215 415 34 595 755 937 57 955 119 355 295 499 859 678 559 618 
960 680 461 24 4 363 226 783 826 85 382 544 183 728 666 67 887 149 807 407 850 531 947 865 49 247 608 272 653 994 514 309 495 173 753 115 456 335 636 577 437 779 939 219 599 719 139 359 299 919 
100 820 763 660 23 380 143 241 563 986 844 926 167 886 424 88 446 490 508 266 732 71 550 532 950 811 607 651 631 913 471 213 54 332 752 374 793 594 976 353 17 693 416 191 717 873 314 236 137 298 
840 981 641 920 21 81 261 41 503 582 624 165 145 403 804 203 664 770 545 487 968 125 730 710 287 425 568 385 830 448 606 911 536 13 306 331 352 895 375 754 694 795 117 77 876 197 238 959 478 259 
340 222 703 822 161 902 441 25 522 564 324 687 7 583 66 406 729 772 888 970 648 863 603 92 852 468 810 630 112 212 52 789 429 290 935 996 311 156 133 516 552 496 954 192 377 257 277 757 398 677 
760 580 882 702 921 982 643 163 964 301 264 903 146 785 64 422 506 284 565 529 848 8 383 466 345 47 629 370 326 229 410 832 28 186 251 453 610 751 813 214 671 114 692 871 553 739 99 498 958 138 
60 360 961 260 40 320 142 400 504 381 562 462 6 123 166 103 847 727 688 285 488 206 667 990 647 931 547 910 747 948 346 533 427 590 231 248 632 790 33 896 97 716 313 777 615 458 194 819 839 878 
800 900 480 341 764 823 923 224 743 5 965 524 505 845 625 861 405 445 367 168 207 585 602 184 108 384 713 949 48 650 246 570 94 788 668 993 305 428 473 154 333 292 132 738 35 78 697 899 558 279 
220 780 1 61 841 742 502 440 985 662 402 966 924 343 527 601 26 771 709 829 567 946 690 128 891 269 210 289 391 250 470 152 812 330 373 736 655 915 635 116 554 177 497 98 58 196 597 438 879 318 
940 20 983 542 645 769 421 147 227 204 65 929 126 107 731 9 368 587 491 386 853 535 95 53 252 633 894 611 573 455 814 977 354 674 517 276 417 337 696 837 877 718 797 316 199 477 296 759 918 179 
701 642 82 684 364 884 463 723 526 244 827 905 806 930 46 546 862 628 586 408 347 773 270 73 951 451 328 512 14 572 973 494 392 131 672 190 794 613 217 312 435 36 118 294 178 157 237 998 858 758 
700 721 281 766 963 744 401 482 43 945 846 344 105 87 127 909 369 426 10 649 933 589 211 867 390 29 232 171 273 253 537 310 75 334 673 634 997 815 457 555 796 898 195 698 838 519 578 159 479 619 
880 720 620 781 140 962 704 540 767 860 225 485 303 205 928 286 90 808 691 268 12 449 749 327 371 113 669 412 351 172 74 189 515 395 575 55 614 656 836 596 916 538 135 956 475 857 37 439 258 999 
640 941 581 2 683 842 181 541 623 883 323 803 483 102 967 707 906 530 91 932 467 569 748 605 733 388 511 151 992 350 233 454 430 130 870 254 834 274 176 56 778 218 315 378 419 79 38 679 297 799 
0 460 520 681 62 240 362 202 164 442 663 44 724 706 805 626 988 908 851 510 604 110 492 129 349 750 411 952 592 187 153 775 791 32 291 393 96 433 275 835 336 872 897 235 556 938 657 579 317 979 
200 761 160 682 361 83 824 801 263 481 843 722 101 420 342 283 745 665 148 708 989 507 69 890 447 549 469 534 230 591 50 912 31 15 413 188 574 256 612 396 936 134 637 874 338 658 957 798 978 319 
